clear
128
13
6,121,30
4,25,30
4,36,21
5,69,26
5,94,16
5,70,6
1,82,30
7,78,19
3,97,30
7,104,28
2,103,28
5,108,9
5,116,4
58
6,59,0
6,125,2
6,43,3
6,104,3
6,11,5
6,84,6
6,51,7
6,66,7
6,31,9
6,16,11
6,78,12
6,40,14
6,91,14
6,65,15
6,4,16
6,119,17
5,16,22
2,30,22,37,22
5,38,22
2,39,22,44,22
10,125,23
2,60,24,89,24
9,125,24,125,30
2,14,25
4,15,25
1,119,25
3,16,26
4,38,26
2,61,26,64,26
1,118,26
8,34,27
4,37,27
2,65,27,69,27
2,71,27,75,27
1,117,27
2,12,28,18,28
3,32,28
4,33,28,36,28
4,101,28
4,105,28
1,116,28
3,50,29,50,30
3,85,29,85,30
4,102,29,104,29
1,115,29
7,22,30
3,27,30
3,49,30
3,51,30
7,54,30
8,70,30
3,86,30
7,93,30
1,114,30,114,31
7,118,30
1,127,30,127,31
1,0,31,113,31
1,115,31,126,31
